37.6
49.83
49.855
49.89
139.6
140
140.85
143.5
146.535
146.5356
148.005
164.4625
164.8625
166.6625
166.8625
168
168.8
169.445
169.505
170.1
170.245
170.305
170.4875
170.975
171.045
171.105
171.45
171.6
171.825
171.845
171.905
172
172.2
172.8875
172.8875
173.35
175.02
184.85
190.6
203
221.5
224.5
303.615
303.825
304.245
304.2614
310
314.375
314.85
315
321.985
391.205
392.728
398.605
399.03
399.455
414.98
416.25
416.845
418
420.544
423.125
427.125
427.475
427.825
428.635
429.505
433.92
439.25
499.97
499.975
521.3068
572.035
673.935
